6.61744e-24  0.000115149  0.000468421  0.0224842  -0.0683101  -0.0329963  
0  -2.431e-05  0.000189749  0.0225077  -0.0400152  -0.00818255  
-1.65436e-24  3.02148e-05  0.000393633  0.0167415  -0.0400236  -0.0125661  
0.000345482  5.72965e-05  0.000236162  0.0232515  -0.0654606  -0.00414153  
0  -0.000120614  0.000468421  0.0232473  -0.025803  -0.00416886  
0.000405224  -0.000120614  0.000229649  0.0232535  -0.0472578  -0.00415832  
-0.000401988  -3.25899e-05  0.000468422  0.0255739  -0.0052761  -0.00415945  
9.44456e-05  0.000331423  -5.83387e-05  0.0267537  -0.0503887  -0.0168757  
-0.0004891  0.000497718  -5.83388e-05  0.023206  0.00451673  -0.00413693  
0.000324889  0.000497718  1.44033e-05  0.0232053  -0.0584726  -0.0041319  
-0.000518215  0.000417221  -5.83388e-05  0.0201154  0.0143425  0.016511  
2.7504e-05  0.000378944  -5.83387e-05  0.0232102  -0.0431041  -0.00781778  
-4.71621e-05  0.000497718  -5.83388e-05  0.023206  0.00437994  0.0263233  
0.000233272  0.000166151  -5.83388e-05  0.0232265  -0.0489929  0.0263276  
0.000633271  3.25037e-05  -5.83387e-05  0.014113  -0.0217008  0.0133197  
-4.71621e-05  1.54274e-06  0.000464496  0.0156496  0.00139245  -0.00438948  
0.000453821  -3.87122e-05  0.000121033  0.0232196  -0.0352867  -0.0043903  
-4.71621e-05  2.29166e-05  0.000109892  0.00714515  -0.0121484  -0.00117442  
0.00064738  2.29166e-05  -5.83388e-05  0.0232192  -0.0400335  0.00154472  
-4.71621e-05  2.29166e-05  -5.83388e-05  -0.000130514  0.0244782  0.020362  
0.000124333  2.29166e-05  -5.83388e-05  -0.000807236  0.00109514  0.00620633  
0.000613457  0.000206687  -5.83387e-05  0.0138509  -0.0710768  0.0175385  
0.00010277  2.29166e-05  6.73968e-06  -0.00158501  0.0269706  0.0175191  
0.000105616  0.000433655  -5.83388e-05  0.0138358  -0.0226138  0.0273081  
-0.000639559  0.000135959  -5.83388e-05  0.0117865  0.0234537  0.0463337  
0.000220725  0.000433655  -5.83388e-05  0.0138358  -0.0482322  0.0225139  
-0.000671325  1.8157e-05  -5.83388e-05  -0.00324313  0.0226241  0.0325788  
-0.000266876  0.000261409  -5.83388e-05  0.00256082  -0.0275617  0.0072071  
-0.000745407  1.8157e-05  -5.83388e-05  -0.0129539  0.0195456  0.026912  
-7.11414e-07  1.8157e-05  -5.83388e-05  -0.00696519  -0.039238  0.00346091  
-0.000643561  -7.55444e-05  -5.83388e-05  -0.0132482  0.0303221  0.0269167  
-4.08063e-05  1.8157e-05  -5.83388e-05  -0.00311714  -0.0251099  0.00290802  
-0.000396524  -0.000179494  -5.83388e-05  -0.0126021  0.0263855  0.0239175  
0.000251252  1.8157e-05  -0.00024332  -0.00589629  -0.0360111  0.0109472  
-0.00034159  1.8157e-05  -0.000196047  -0.00589973  0.0367883  0.0239025  
7.50273e-06  1.8157e-05  -0.000283482  -0.00589539  -0.0206524  -0.00414316  
-0.000643561  -4.58814e-05  -0.000473819  -0.00589469  0.0307808  0.0183614  
-0.000275889  0.000160196  -0.000473819  -0.00589331  -0.0251489  0.0026632  
-0.000643561  0.0002789  -0.000473819  -0.005894  0.0303631  0.0183582  
-0.000643561  1.8157e-05  -0.000473819  -0.00589522  0.0224397  0.0183604  
-0.000643561  1.8157e-05  -0.000473819  -0.00123789  0.00520982  0.0183604  
-0.000643561  0.000161602  -0.000473819  -0.00589302  0.0265298  0.00922681  
0.000168565  0.000418071  -0.000473819  0.000124354  -0.0219587  -0.00324694  
-0.000700623  0.000129074  -0.000473819  -0.00589951  0.042864  0.0221411  
-0.000555581  0.000350306  -0.000566956  -0.00590465  -0.00544393  0.0116567  
-0.000126333  0.000345548  -0.00077294  -0.00590659  0.0106956  0.0144859  
-0.00089818  9.28311e-05  -0.000644094  -0.00590369  0.0588625  0.0234907  
-0.000251781  0.000495428  -0.000640901  -0.00595006  -0.01135  0.00281064  
4.41022e-06  0.000495428  -0.000913985  -0.00596227  0.00290215  0.00279737  
-0.000856954  7.48192e-05  -0.000913985  -0.0226385  0.085268  0.0385072  
-0.00027835  8.65645e-05  -0.00062707  -0.0173347  0.00770651  0.0136371  
0.000181097  0.000495428  -0.000913985  -0.0206334  0.0102776  0.0221753  
-0.000505923  3.99333e-05  -0.000913985  -0.0326347  0.0558605  0.0307495  
-7.99651e-06  0.000267856  -0.000913986  -0.022679  0.00944207  0.00502577  
-0.000483417  0.000193845  -0.00106535  -0.0284453  0.04609  0.0221983  
-0.000273228  7.30794e-05  -0.000913986  -0.0221101  -0.000676284  -0.00776553  
-1.6215e-05  1.41418e-05  -0.000913986  -0.0233145  0.0156341  0.00472692  
-0.000726062  1.41418e-05  -0.000913986  -0.0227876  0.0472847  -0.00775279  
1.29937e-05  1.41418e-05  -0.000913986  -0.0200832  -0.0188393  -0.0105574  
-0.000207257  1.41418e-05  -0.00115663  -0.0202468  0.0218452  -0.00777579  
-0.00102073  1.41418e-05  -0.00121954  -0.0317708  0.070704  0.00769941  
-1.89481e-05  0.000234725  -0.00117347  -0.019082  -0.0121454  -0.00778252  
7.0898e-05  1.41418e-05  -0.00105409  -0.0229736  0.0261713  -0.0077791  
-0.00107349  -0.000156148  -0.00117731  -0.0384565  0.0795754  0.0122395  
-0.000691028  0.000588522  -0.00118945  -0.0104316  0.0172731  -0.022847  
-0.000207557  0.000831958  -0.0013183  -0.00741509  0.000496193  -0.00288073  
-0.0015221  0.000722732  -0.00135955  -0.0191093  0.0949847  -0.00774393  
-0.00073085  0.000856768  -0.00154428  -0.0123938  0.00905982  -0.0325724  
-0.000174653  0.0011848  -0.00135955  -0.00529868  0.00248835  -0.0354622  
-0.00118494  0.00101737  -0.00135955  -0.0190334  0.0684377  -0.0130368  
-0.000646867  0.00101737  -0.00135955  -0.000414751  0.0169451  -0.0215815  
-0.000441304  0.00115995  -0.00135955  0.00218919  0.00655645  -0.0174371  
-0.00154579  0.00101737  -0.00130398  -0.0042888  0.0872003  -0.000759677  
-0.00100955  0.0011803  -0.00109371  0.00813794  0.00383331  -0.0302407  
3.23949e-05  0.00130402  -0.00101994  0.00878153  0.00379535  -0.0219128  
-0.0010585  0.000917791  -0.00112097  -0.00431195  0.0709578  -0.00142468  
-0.000418378  0.00101737  -0.00135955  0.00218406  -0.00479213  -0.0218859  
-0.000375382  0.00131258  -0.00135955  0.00219759  0.00353281  -0.0218986  
-0.00129796  0.00101737  -0.00135955  0.00218406  0.071174  -0.0219011  
-0.000219965  0.000869495  -0.00135955  0.00217805  -0.00261677  -0.021876  
-0.00010989  0.00101737  -0.00135955  0.00218406  0.0130793  -0.00440528  
-0.0011823  0.000769925  -0.00122726  -0.00426316  0.0610278  -0.0218975  
0.000106918  0.00101737  -0.00114316  0.00218172  -0.0060322  -0.0452001  
6.72543e-06  0.00090543  -0.00135955  0.002179  0.0292877  -0.0402393  
-0.000685552  0.00101737  -0.00135955  0.00218406  0.0762279  -0.015517  
0.000158327  0.00125589  -0.00135955  0.00724957  -0.0211839  -0.0423554  
0.000569231  0.00101737  -0.00135955  0.0100045  0.00765843  -0.0349728  
-0.000865337  0.00118803  -0.00135955  0.00218246  0.0832695  -0.0262133  
-9.09503e-05  0.00123887  -0.00135955  0.0111336  -0.0021572  -0.0367864  
0.00017502  0.00118342  -0.00135955  0.0130432  0.00668149  -0.0328398  
-0.0010208  0.0011261  -0.00135955  0.00583567  0.0885896  -0.00760926  
0.000404041  0.0012319  -0.00135955  0.00475639  0.00603987  -0.0464167  
0.000404041  0.00101737  -0.00135955  0.00823255  0.0144629  -0.0326825  
-0.000905111  0.00110982  -0.00135955  0.00244245  0.0800139  -0.0152239  
0.000170154  0.00101737  -0.001286  -0.000599191  0.00792303  -0.0535817  
9.69433e-05  0.00101737  -0.00135955  0.00622936  0.0413876  -0.0370056  
-0.000567009  0.000847077  -0.00135955  0.00623118  0.0981513  -0.014711  
0.000170554  0.00132479  -0.00135955  0.00624678  0.0130735  -0.0637658  
0.000141362  0.00146595  -0.00135955  0.01358  0.040357  -0.0482699  
-0.00100266  0.00144938  -0.00135955  0.0114344  0.0968504  -0.0251153  
1.78131e-05  0.00165878  -0.00143802  0.0258649  0.0126387  -0.0625773  
0.000100771  0.00168908  -0.00135955  0.0258627  0.0359954  -0.0488137  
-0.000966335  0.00149947  -0.00135955  0.0258764  0.0911284  -0.0298094  
0.000406881  0.00169477  -0.00104665  0.0285155  0.0139108  -0.0708836  
0.000189965  0.00169477  -0.00135955  0.0258854  0.0139279  -0.0643371  
-0.000550401  0.00152835  -0.00124349  0.0112817  0.0776829  -0.0146802  
0.000486835  0.00169477  -0.00108745  0.0234774  0.00776686  -0.0536141  
0.000513542  0.00169477  -0.00113518  0.0234827  0.0346127  -0.0388109  
-0.000680702  0.00169477  -0.00110159  0.0234923  0.0888699  -0.0232018  
0.000497783  0.0017778  -0.00107834  0.0454207  0.0132108  -0.0417152  
0.000404461  0.00169477  -0.0012303  0.0374069  0.0607389  -0.0417066  
-0.000560723  0.00169477  -0.00126624  0.0410934  0.0923503  -0.0332707  
0.000578666  0.00190405  -0.00135955  0.0411  0.0264694  -0.0623148  
0.000482056  0.00169477  -0.00135955  0.0410854  0.0219672  -0.0568358  
-0.000438598  0.00175556  -0.00127552  0.0378959  0.0929183  -0.0363411  
0.000412077  0.0018866  -0.00119865  0.041109  0.0192992  -0.0678618  
0.000193232  0.00194475  -0.00135955  0.0480188  0.0414019  -0.0565194  
-0.000536695  0.00185386  -0.00135955  0.0370668  0.0778712  -0.0482789  
0.000331535  0.00214137  -0.00122031  0.0559633  0.0118501  -0.0693834  
0.000235083  0.00229757  -0.000954231  0.0559974  0.0530814  -0.0653535  
-0.000565909  0.00204117  -0.00128276  0.0447086  0.0841463  -0.0345093  
0.000467316  0.00234147  -0.00135955  0.0559713  -0.0134771  -0.0629261  
-0.000158525  0.00215799  -0.00135955  0.0559564  0.0658668  -0.05981  
-6.45121e-05  0.0022448  -0.000945306  0.03567  0.0658464  -0.0775257  
0.000570143  0.0022448  -0.00114568  0.0356586  0.0186014  -0.0815465  
0.000395165  0.0022448  -0.000987192  0.0356627  0.0186265  -0.0895148  
-0.000970768  0.0022448  -0.000987192  0.0356627  0.117457  -0.066487  
0.000240478  0.00235925  -0.000987192  0.0435893  0.0140002  -0.0811738  
0.000502751  0.00242732  -0.00132236  0.0395207  0.0136041  -0.0846  
-0.000854639  0.00240733  -0.00116717  0.0493192  0.109571  -0.0638635  
0.000422449  0.00247792  -0.000987192  0.0542929  0.0208989  -0.0769254  
0.000614488  0.00238308  -0.000987192  0.0542901  0.0195429  -0.081107  
-0.000565621  0.0022448  -0.000987192  0.0467485  0.101364  -0.0651814  
0.00064596  0.00248363  -0.00126428  0.0488606  0.0156705  -0.0821518  
0.000470267  0.00244878  -0.00126301  0.0495253  0.0334146  -0.0814746  
-0.000924227  0.00248498  -0.00138867  0.0502523  0.111646  -0.0537082  
0.000642931  0.0024964  -0.000925774  0.0542997  0.0172923  -0.0732146  
0.000571985  0.00256878  -0.000935405  0.0543048  0.0506485  -0.0649245  
-0.000625234  0.00235287  -0.000987192  0.0469633  0.101004  -0.0464439  
0.000670467  0.00256132  -0.000987192  0.0543024  0.0118357  -0.0816681  
0.000681767  0.00256155  -0.000987192  0.0543049  0.026759  -0.0783843  
-0.000373432  0.0022448  -0.00118563  0.0338556  0.0838322  -0.0607078  
0.000609457  0.00245466  -0.00115114  0.0442958  0.0227389  -0.101607  
0.000675152  0.00254786  -0.00120042  0.0443049  0.0337328  -0.0956256  
-0.000301174  0.0022448  -0.00129882  0.04427  0.111405  -0.0650815  
0.000593311  0.00264742  -0.00139259  0.0443214  0.0141783  -0.0933686  
0.000265011  0.00243674  -0.00139259  0.0380361  0.0685716  -0.0657866  
-0.000450527  0.0022448  -0.00139259  0.0442841  0.0904305  -0.0540447  
0.000596249  0.0025887  -0.00139259  0.0367238  0.0298048  -0.0814898  
0.0002678  0.00267057  -0.001453  0.0414989  0.0298525  -0.0856666  
-0.000648862  0.00242439  -0.00132309  0.0341586  0.0995135  -0.056983  
0.000193808  0.0022448  -0.00139259  0.0224113  0.0253357  -0.104003  
0.000660655  0.00245515  -0.00139259  0.0386172  0.0521916  -0.0939041  
-0.000378061  0.0025039  -0.00127177  0.0420075  0.0966664  -0.0811673  
0.000277923  0.00270212  -0.00139258  0.0434737  0.0113481  -0.122047  
9.98746e-05  0.00300971  -0.00139258  0.0386938  0.0446948  -0.100922  
-0.000851741  0.00250427  -0.00139258  0.0308763  0.115892  -0.0866591  
0.000284034  0.0029144  -0.00139258  0.0453019  0.0240207  -0.0893135  
0.000802781  0.00305165  -0.00139258  0.0480937  0.0305934  -0.0925481  
-0.000481034  0.00251426  -0.00129984  0.0411234  0.093291  -0.0845584  
0.000612075  0.00275369  -0.00139258  0.0386862  0.024071  -0.109355  
0.000354243  0.0029144  -0.00139258  0.038702  0.0475037  -0.0858086  
-0.000744205  0.0029144  -0.00139258  0.038702  0.114592  -0.0723686  
0.000379136  0.0029144  -0.00145345  0.0567853  0.0353422  -0.0887324  
0.000785366  0.0029144  -0.00139258  0.0466822  0.051668  -0.0950693  
-0.000666738  0.0029144  -0.00159653  0.0407965  0.124545  -0.0700987  
0.000548677  0.0029144  -0.00139258  0.0376757  0.0337063  -0.0786477  
0.00077575  0.0029144  -0.00139258  0.0376757  0.0433237  -0.0829839  
-0.000473018  0.00257747  -0.00131402  0.0264506  0.113005  -0.0573233  
0.000821109  0.0029144  -0.00128587  0.0376785  0.0353679  -0.0893237  
0.00103342  0.0029144  -0.00139258  0.0563195  0.035316  -0.0951539  
-0.000199953  0.0029144  -0.0013022  0.0396793  0.116117  -0.0706518  
0.000561022  0.0029144  -0.00139258  0.0329129  0.0597772  -0.0779335  
0.000953771  0.0029144  -0.00114235  0.0490493  0.0472513  -0.0779525  
-0.000308695  0.0029144  -0.000873318  0.0353731  0.137187  -0.0461125  
0.000855433  0.00319279  -0.00097065  0.0491198  0.0481768  -0.082311  
0.0010217  0.00345947  -0.00108263  0.0669806  0.0641927  -0.0789879  
-0.000251569  0.00310299  -0.00125608  0.0490829  0.120984  -0.071123  
0.000959707  0.00333537  -0.00108793  0.0576025  0.0512121  -0.0935763  
0.00126744  0.00371681  -0.000833364  0.0654996  0.0470568  -0.0849033  
7.41111e-05  0.00336557  -0.000833364  0.065488  0.115747  -0.0718822  
0.00116225  0.00371681  -0.00090315  0.0696956  0.0423615  -0.105518  
0.0010792  0.00365832  -0.000945218  0.0654949  0.0502699  -0.0950719  
-0.000176844  0.00328089  -0.000833364  0.0654838  0.0993331  -0.0798318  
0.000908605  0.00379266  -0.00103698  0.0655117  0.0324916  -0.112638  
0.00109074  0.00371681  -0.00101162  0.0619909  0.0315064  -0.0953534  
-5.37274e-06  0.00371681  -0.000950419  0.0654971  0.100846  -0.0953367  
0.00116947  0.00371681  -0.00105641  0.0654976  0.0217662  -0.127563  
0.00105991  0.00424523  -0.00115296  0.0731613  0.0403662  -0.117359  
-0.000338083  0.00372974  -0.000833365  0.0655413  0.104757  -0.0897079  
0.000691102  0.00402432  -0.000833364  0.065569  0.0484689  -0.113997  
0.00100557  0.00449074  -0.000996438  0.0828177  0.036033  -0.113946  
-5.81487e-05  0.00398253  -0.000833365  0.0700041  0.110675  -0.105423  
0.000968805  0.00424214  -0.000993123  0.0864269  0.0102848  -0.133648  
0.000495148  0.00407527  -0.000833364  0.0819116  0.0699936  -0.121273  
-0.000352931  0.00371186  -0.000833364  0.0818623  0.0883703  -0.130767  
0.000884292  0.00449074  -0.000833364  0.0819802  0.0191015  -0.168087  
0.000505284  0.00436113  -0.000833364  0.0861647  0.0781074  -0.13552  
4.51825e-06  0.00405909  -0.000833365  0.08192  0.0929821  -0.115495  
0.00111289  0.00414271  -0.000833364  0.0819132  0.0313021  -0.13854  
0.000762166  0.00404037  -0.000772514  0.0819104  0.0901328  -0.127214  
-0.000528234  0.00412192  -0.000749757  0.0900383  0.0949998  -0.115581  
0.00061708  0.00449074  -0.000446405  0.102005  0.0407095  -0.133645  
0.000399852  0.00449074  -0.000593831  0.0964774  0.0703568  -0.0976674  
-0.000437566  0.00391149  -0.000291778  0.0837266  0.126427  -0.0843633  
0.000660591  0.00432508  -0.000431807  0.0954069  0.0423241  -0.11934  
0.000495744  0.00449074  -0.000505821  0.0954363  0.071705  -0.110418  
-0.000318356  0.00402223  -0.000292216  0.0792168  0.129107  -0.0818007  
0.000863546  0.00449074  -0.000472906  0.0954816  0.0443245  -0.108655  
-7.33942e-05  0.0043436  -0.000468535  0.0860846  0.0796793  -0.109863  
-3.3325e-05  0.00429618  -0.000518774  0.0905153  0.095315  -0.112245  
0.000820148  0.00449074  -0.00057  0.0841938  0.0589314  -0.112261  
-0.000304293  0.00403456  -0.000501816  0.0755835  0.122831  -0.0941042  
0.000939764  0.00411677  -0.0003848  0.0755966  0.0513526  -0.121349  
0.000903053  0.0040985  -0.000468469  0.0809047  0.0745319  -0.108338  
-0.000277174  0.00365445  -0.000558862  0.0652573  0.141328  -0.0712113  
0.00087693  0.00416694  -0.000220579  0.0756179  0.0568654  -0.114738  
0.00117158  0.00438841  -0.000462302  0.0907063  0.0800303  -0.114121  
0.000295079  0.00386563  -0.000402745  0.0792926  0.128513  -0.0918377  
0.000825016  0.00449074  -0.000640444  0.0870439  0.0585496  -0.125349  
0.00076316  0.00419734  -0.000626886  0.0847463  0.0853066  -0.124294  
-0.000255256  0.00350598  -0.000525096  0.0621143  0.156625  -0.0865762  
0.00107154  0.00388137  -0.00068713  0.0652325  0.0616224  -0.112643  
0.000793256  0.0042083  -0.00068713  0.0804579  0.0790294  -0.107252  
-0.000386966  0.0039759  -0.00068713  0.0748266  0.150917  -0.0658875  
0.000638026  0.0039759  -0.00068713  0.0874863  0.0636418  -0.111546  
0.000638026  0.00425559  -0.00068713  0.0839776  0.0766513  -0.10334  
-0.000400973  0.00376326  -0.00068713  0.061318  0.13909  -0.0794469  
0.000581157  0.0039759  -0.00081271  0.0720677  0.0711542  -0.127557  
0.000448961  0.00420602  -0.00068713  0.069063  0.0745984  -0.1276  
-0.000562125  0.00355548  -0.00068713  0.0578903  0.129954  -0.0956458  
0.000346634  0.0039759  -0.00110515  0.0613179  0.0561591  -0.133432  
0.000339864  0.00425496  -0.00113538  0.080609  0.0860404  -0.133412  
-0.000545882  0.0039759  -0.00113538  0.0626076  0.130363  -0.0903446  
0.000886062  0.0039759  -0.000930925  0.0761282  0.0693446  -0.120305  
0.000498767  0.0039759  -0.00113538  0.0709502  0.09161  -0.112121  
-0.000686294  0.00383183  -0.000954671  0.0617391  0.142504  -0.0951536  
0.000365382  0.00422718  -0.000974148  0.061793  0.0605128  -0.134876  
0.000404071  0.00414082  -0.00113538  0.0617669  0.0693581  -0.130103  
-0.000741702  0.00376221  -0.000847769  0.0490399  0.136551  -0.107261  
0.000637624  0.0039759  -0.00108387  0.0409273  0.0767084  -0.124167  
0.000265213  0.00378983  -0.00147063  0.0190455  0.0776954  -0.125238  
-0.000727372  0.00334513  -0.00115838  0.0190255  0.14443  -0.0838271  
0.000470808  0.00366772  -0.0010297  0.0284546  0.0768339  -0.121582  
0.000682412  0.00385706  -0.00128751  0.02859  0.0899643  -0.121596  
-0.000791065  0.00336734  -0.00108387  0.0190284  0.140597  -0.10519  
0.000432259  0.0039759  -0.00122934  0.0383812  0.0702305  -0.121028  
0.000516806  0.00386341  -0.00108387  0.0383751  0.0909585  -0.126159  
-0.000759509  0.00356851  -0.00108387  0.0196547  0.143083  -0.0952566  
0.000484426  0.00378496  -0.00129338  0.0255667  0.0637266  -0.132468  
0.000198795  0.00420388  -0.00108387  0.0356159  0.0976132  -0.119112  
-0.000757137  0.00357677  -0.00108387  0.026706  0.151259  -0.102264  
0.000480148  0.00397924  -0.00134499  0.0269308  0.0675629  -0.133308  
0.00010535  0.00397924  -0.00108387  0.0271703  0.111774  -0.104998  
-0.00093653  0.0035693  -0.00102576  0.0272721  0.137576  -0.094344  
0.00088169  0.00397924  -0.00108387  0.0368262  0.0679357  -0.114411  
0.00068312  0.00397924  -0.00120844  0.0368141  0.0945494  -0.128153  
-0.000467251  0.0034778  -0.00108387  0.0367691  0.158103  -0.100984  
0.000893069  0.00413318  -0.00108387  0.0435775  0.0719228  -0.135584  
0.000357177  0.00382128  -0.00108387  0.0368078  0.120858  -0.106477  
-0.000404428  0.00353565  -0.00116467  0.0299482  0.140638  -0.0949062  
0.000858949  0.00409769  -0.00136647  0.0368348  0.0473011  -0.13444  
0.000473839  0.00427887  -0.00108387  0.0368651  0.109618  -0.111565  
-0.00052867  0.00362648  -0.00108387  0.0282807  0.137682  -0.0875609  
0.000577087  0.00397924  -0.00144716  0.0266083  0.0574545  -0.131738  
0.000281946  0.00380895  -0.00129883  0.0255096  0.078861  -0.145061  
-0.000576924  0.00350635  -0.00108387  0.0209288  0.131804  -0.121284  
0.000485763  0.00397924  -0.00135323  0.0303547  0.0515069  -0.157915  
0.000487928  0.00397924  -0.00108387  0.0257544  0.0910384  -0.134825  
-0.000374515  0.00345313  -0.000846799  0.0204506  0.136533  -0.122711  
0.000492602  0.00403883  -0.00151218  0.0169443  0.0643823  -0.160108  
-6.01863e-05  0.00380388  -0.00154225  0.0168847  0.110711  -0.142251  
-0.000339708  0.00375814  -0.00116829  0.018931  0.13356  -0.139273  
0.00059285  0.00397924  -0.00165315  0.016927  0.0575033  -0.155496  
-1.74677e-05  0.00385446  -0.00131922  0.0256862  0.123975  -0.135992  
-0.000103095  0.00397924  -0.000831122  0.0331401  0.113115  -0.148154  
0.000585338  0.00411982  -0.00127327  0.0418386  0.0773207  -0.155527  
-0.000337072  0.00333295  -0.00103442  0.0330423  0.141827  -0.115732  
0.000723787  0.00371064  -0.00121074  0.0170198  0.0976975  -0.132486  
0.000258423  0.00357872  -0.00127327  0.0243344  0.120256  -0.128144  
-0.000372277  0.0033005  -0.000816507  0.030741  0.137736  -0.110168  
0.000850681  0.00348177  -0.00112751  0.0464715  0.047545  -0.138865  
0.000186204  0.00335905  -0.000828546  0.0477941  0.131549  -0.138843  
0.000360493  0.00349734  -0.000737455  0.0491796  0.100716  -0.154857  
0.00070255  0.00369798  -0.000991366  0.0546815  0.0778842  -0.144475  
-0.00042758  0.00343233  -0.000828546  0.0543138  0.13456  -0.136257  
0.000474441  0.00378227  -0.000984336  0.0460908  0.074179  -0.164222  
0.000640526  0.0035624  -0.00130187  0.0460329  0.0922031  -0.155754  
-0.000512411  0.00357176  -0.000873876  0.0460676  0.126571  -0.155698  
0.000619791  0.00378728  -0.000933226  0.0527309  0.0746244  -0.173779  
0.000648556  0.0038412  -0.000993661  0.0461328  0.087872  -0.159877  
-5.75448e-05  0.00337641  -0.000710268  0.0644672  0.124695  -0.148993  
0.000651441  0.00366686  -0.000710268  0.0691797  0.0821222  -0.165277  
0.000302723  0.00352199  -0.000922704  0.0527794  0.11694  -0.158186  
0.000174182  0.0033819  -0.000984633  0.0369016  0.102184  -0.173899  
0.00111663  0.0033787  -0.00122277  0.0368931  0.0700878  -0.182112  
-0.000269552  0.00322507  -0.00122277  0.0368755  0.132201  -0.165208  
0.000581012  0.00345388  -0.00122277  0.0369061  0.0754854  -0.205375  
0.00101432  0.00342457  -0.00122277  0.0393009  0.0753725  -0.185097  
-0.000362277  0.0030521  -0.000817572  0.0368827  0.12484  -0.190876  
0.000832655  0.00337202  -0.000969455  0.0391201  0.0477401  -0.205334  
0.000365699  0.00290751  -0.000908399  0.0368437  0.108851  -0.184453  
-7.2912e-05  0.0028851  -0.00068427  0.0306779  0.11138  -0.189624  
0.00115896  0.00306791  -0.00102096  0.0368992  0.0267565  -0.205296  
0.00045906  0.00302112  -0.000801214  0.0204804  0.0944438  -0.205258  
0.000573928  0.00292024  -0.000930821  0.00651931  0.0770838  -0.20526  
0.00126158  0.00313483  -0.000942261  0.0255921  0.0510009  -0.205284  
-8.16435e-05  0.00293243  -0.000801214  0.0255734  0.135345  -0.161601  
0.00156285  0.00315098  -0.000801214  0.0255923  0.0478107  -0.212924  
0.0010953  0.00313367  -0.000801214  0.0255926  0.0813687  -0.212904  
0.000737171  0.00291996  -0.000413636  0.0255861  0.108603  -0.199354  
0.0019104  0.00313923  -0.000848902  0.0256188  0.0343932  -0.217059  
0.00119436  0.00311647  -0.000869822  0.00734511  0.0928074  -0.216101  
0.000663399  0.0029687  -0.000513033  0.0101693  0.0929466  -0.202707  
0.00177126  0.003092  -0.00101472  0.0144128  0.0432724  -0.218816  
0.000374594  0.00271698  -0.000885331  0.00013838  0.111713  -0.19665  
0.00131019  0.00305944  -0.00117412  -0.00784383  0.0479697  -0.229739  
0.000510563  0.00266952  -0.000885331  -0.0174436  0.0945611  -0.189022  
0.00107772  0.00309074  -0.0012928  -0.00749508  0.0477643  -0.233733  
0.000343145  0.00274516  -0.00129588  -0.020348  0.10025  -0.20931  
0.000504648  0.00287058  -0.00123335  -0.0174063  0.0731132  -0.223717  
0.00114186  0.00316299  -0.00148524  -0.0173173  0.0285237  -0.2337  
-6.81306e-05  0.00293216  -0.00132243  -0.017385  0.117652  -0.233654  
0.000269336  0.00328531  -0.000981638  0.00257732  0.0814234  -0.250015  
0.00181664  0.00317179  -0.000945595  0.0102641  0.0471357  -0.214167  
0.0015312  0.00307015  -0.000892315  0.00803667  0.0768597  -0.189163  
0.00136669  0.00291585  -0.000945595  -0.00111255  0.0828973  -0.212219  
0.00192623  0.00318888  -0.000945595  0.00467321  0.0688839  -0.211624  
0.00104329  0.0029779  -0.000641013  -0.00139536  0.127979  -0.189088  
0.00191297  0.00310989  -0.000919203  -0.00694669  0.0321147  -0.213528  
0.00179362  0.00359331  -0.000925252  -0.0068241  0.0690671  -0.213508  
0.00117356  0.00287933  -0.000775978  -0.00494401  0.114409  -0.18474  
0.00264825  0.00313807  -0.000885259  0.00117872  0.0349915  -0.219318  
0.00223207  0.00342677  -0.000929813  -0.00254475  0.0411778  -0.213465  
0.000997173  0.00255927  -0.00105705  -0.0194523  0.126638  -0.189106  
0.00200863  0.00289974  -0.00106342  -0.0111888  0.0435398  -0.233778  
0.00234275  0.00307354  -0.00103012  -0.00692104  0.073788  -0.21537  
0.0010834  0.00232714  -0.000872462  -0.00707566  0.128597  -0.19412  
0.00213868  0.00308258  -0.000872462  -0.0125432  0.0419576  -0.23315  
0.00243131  0.0032291  -0.00106744  -0.00688082  0.0576162  -0.243159  
0.00120697  0.00258465  -0.000872462  -0.0162512  0.109309  -0.20668  
0.00243342  0.00301065  -0.00110813  -0.00693925  0.0455  -0.255185  
0.00269289  0.00352728  -0.00122712  -0.00454058  0.0474962  -0.255157  
0.00134944  0.00298861  -0.000872462  -0.00689713  0.109001  -0.222086  
0.00241747  0.00340032  -0.00102025  0.00585525  0.0412087  -0.255149  
0.00241747  0.00367331  -0.00113952  -0.00675542  0.0459689  -0.255149  
0.00116043  0.00294677  -0.00111454  -0.0069411  0.116493  -0.21929  
0.00245669  0.00319456  -0.00115419  -0.00690508  0.0531357  -0.262766  
0.00269579  0.00367331  -0.00127578  -0.0067481  0.0480001  -0.271393  
0.00122849  0.00294851  -0.000872461  -0.00694409  0.116576  -0.234673  
0.0024699  0.00322281  -0.00130883  -0.0137263  0.0386361  -0.262687  
0.00329082  0.00367331  -0.00106484  -0.00575059  0.0595417  -0.269253  
0.00200714  0.00294172  -0.000872461  -0.0101422  0.138787  -0.235344  
0.00320418  0.00323173  -0.000872461  -0.0192663  0.049266  -0.283141  
0.00326123  0.00367331  -0.00112512  -0.0184147  0.0603848  -0.283152  
0.00204621  0.00311008  -0.000872461  -0.0223691  0.124893  -0.233688  
0.00269928  0.00325568  -0.000872461  -0.0133568  0.0754388  -0.256029  
0.0037031  0.00349569  -0.00100885  -0.00574184  0.0293516  -0.263769  
0.00195596  0.003064  -0.000712975  -0.0219724  0.111633  -0.224592  
0.00319538  0.00367331  -0.000955368  -0.00956658  0.0523516  -0.275173  
0.00344484  0.00355864  -0.000974841  0.00132493  0.0643127  -0.272891  
0.00234265  0.00312266  -0.000672523  0.00314526  0.12219  -0.225541  
0.00373919  0.00367331  -0.000896749  0.00324805  0.0614689  -0.28076  
0.00343004  0.00367331  -0.000945048  0.00324033  0.0744492  -0.269872  
0.00199583  0.00288485  -0.000672522  0.00311018  0.121036  -0.242866  
0.00286955  0.00339634  -0.000672523  0.0164417  0.0216117  -0.275866  
0.00307893  0.00367331  -0.000672522  0.0216245  0.064505  -0.27588  
0.00179185  0.00306611  -0.000672522  0.00775586  0.125306  -0.234656  
0.00304304  0.00367331  -0.000828645  0.0158519  0.031343  -0.278253  
0.00297267  0.00391631  -0.000816917  0.0250738  0.0555389  -0.278248  
0.00154047  0.00337539  -0.000672523  0.00298595  0.118107  -0.233307  
0.00284657  0.00387968  -0.000672522  0.00780897  0.0490072  -0.296705  
0.00329804  0.00387968  -0.000672522  0.0191247  0.0488568  -0.291187  
0.00254059  0.00352308  -0.000497991  0.0190308  0.0945995  -0.263634  
0.00336243  0.0039619  -0.000506069  0.025578  0.0361763  -0.303488  
0.00325316  0.00387968  -0.000626724  0.0276901  0.0593073  -0.291655  
0.00180813  0.00343433  -0.000506069  0.0189809  0.124233  -0.235134  
0.00308006  0.00346207  -0.000628026  0.00484026  0.0547526  -0.281854  
0.00362929  0.00387968  -0.000795242  0.01023  0.0564221  -0.267433  
0.0019267  0.00342227  -0.000506069  0.00293668  0.132433  -0.232145  
0.00362209  0.00387968  -0.000869424  0.00843067  0.0432501  -0.287809  
0.00343629  0.00397772  -0.000823383  0.0120665  0.0591781  -0.291905  
0.00206552  0.00339783  -0.000571289  0.00463192  0.134444  -0.247599  
0.00371471  0.00387967  -0.000804233  0.00915261  0.0388905  -0.311453  
0.00359466  0.00387967  -0.00062335  0.00986938  0.0579745  -0.290124  
0.00195603  0.0034719  -0.000553766  0.00124956  0.129558  -0.255368  
0.00350268  0.00387967  -0.000553766  0.00688388  0.0551725  -0.283488  
0.00390539  0.00387967  -0.000553767  0.0224638  0.0458472  -0.293448  
0.00266586  0.00387967  -0.000553767  0.0174785  0.12101  -0.268789  
0.00378511  0.00402074  -0.000553767  0.0246497  0.0573777  -0.301127  
0.00392917  0.00387967  -0.000553767  0.0330135  0.0652747  -0.296851  
0.00266085  0.00387967  -0.000553767  0.0267886  0.12685  -0.263801  
0.00375312  0.0039557  -0.000553767  0.0246337  0.0426458  -0.302051  
0.00341115  0.00403301  -0.000553767  0.0246509  0.0806058  -0.273132  
0.00215998  0.00380685  -0.000633219  0.0162538  0.1156  -0.260571  
0.00359935  0.00449253  -0.000653579  0.0264025  0.0335334  -0.296704  
0.00368309  0.00434083  -0.000553767  0.0256041  0.066004  -0.293937  
0.00219835  0.0039605  -0.000553767  0.0113622  0.111134  -0.263733  
0.00344961  0.00409347  -0.000626297  0.029458  0.0336553  -0.314339  
0.00365861  0.00449253  -0.000553767  0.0339207  0.052701  -0.310083  
0.00291088  0.00449253  -0.000693313  0.0222479  0.109092  -0.280723  
0.00236901  0.00449253  -0.000956903  0.022236  0.111275  -0.264701  
0.00427355  0.00432508  -0.000978574  0.0222154  0.0201402  -0.298291  
0.00298679  0.00419564  -0.000921842  0.0221583  0.112178  -0.271765  
0.00359161  0.00416952  -0.000975128  0.011013  0.0656333  -0.310916  
0.00343248  0.00413494  -0.000975128  0.00571336  0.0702202  -0.288254  
0.0031041  0.00410754  -0.00121581  -2.60782e-05  0.0898493  -0.297489  
0.00425026  0.00412289  -0.00123918  -1.09279e-05  0.0367031  -0.308251  
0.00276864  0.00395812  -0.00106319  -3.71097e-05  0.118453  -0.268429  
0.00389034  0.00385736  -0.00111342  0.00316354  0.0582731  -0.28317  
0.00443102  0.00397705  -0.00123752  -5.25804e-05  0.0599179  -0.288502  
0.0026559  0.003494  -0.00112706  -0.00216229  0.130223  -0.247535  
0.00357987  0.00396198  -0.00140782  -4.59061e-05  0.0658741  -0.29176  
0.00427152  0.00403871  -0.00142048  -3.25664e-05  0.0403499  -0.292772  
0.00277307  0.00410165  -0.00148575  -3.02395e-05  0.0754026  -0.279626  
0.00407012  0.00399664  -0.00148575  0.00863487  0.059363  -0.301773  
0.00373364  0.00419647  -0.00148575  0.0095241  0.0164418  -0.283293  
0.00241775  0.00385578  -0.00141317  -9.32594e-05  0.109039  -0.264079  
0.00326468  0.00407198  -0.00148575  -4.76508e-05  0.0639785  -0.306582  
0.00381702  0.00422682  -0.0017697  -0.00815776  0.0518949  -0.317208  
