FramewiseDisplacement
7.403869999999999896e-02
2.307858999999999605e-02
6.687330499999999400e-02
7.747170499999998794e-02
5.367134000000000488e-02
1.010036849999999958e-01
1.283690100000000056e-01
1.086839349999999954e-01
1.073316150000000052e-01
1.463650550000000217e-01
1.140699849999999987e-01
9.130133000000001386e-02
8.399769499999998335e-02
7.609581999999999458e-02
1.040504680000000071e-01
8.848502199999998263e-02
7.111627500000000657e-02
8.981693500000000052e-02
1.414057989999999987e-01
4.679020700000000033e-02
1.318069709999999950e-01
1.514794989999999897e-01
9.872735400000000328e-02
1.192859500000000017e-01
1.554540000000000088e-01
1.633775300000000208e-01
1.137465000000000004e-01
1.184160699999999983e-01
1.254581793000000001e-01
1.361264493000000075e-01
1.243945450000000091e-01
1.096582749999999995e-01
1.335931200000000096e-01
1.177638899999999961e-01
1.073170865000000057e-01
1.192104164999999993e-01
1.003167500000000101e-01
9.552648999999999169e-02
2.096396999999999844e-02
2.188720999999999722e-02
4.228094999999999770e-02
1.204093739999999996e-01
1.541438540000000246e-01
8.176802000000001069e-02
5.097016999999999520e-02
1.148450949999999943e-01
1.435483750000000058e-01
4.074139100000000180e-02
1.988505609999999812e-01
1.515986049999999974e-01
7.216926499999999634e-02
1.232841350000000030e-01
1.183903694999999950e-01
9.462653449999999800e-02
1.071812440000000088e-01
4.580476399999999781e-02
8.014955999999999470e-02
1.085857950000000127e-01
6.677444500000000172e-02
1.196771500000000099e-01
1.744418850000000465e-01
6.370218500000002226e-02
1.608004900000000181e-01
1.823772999999999922e-01
8.254753700000000416e-02
1.842968670000000031e-01
1.729696500000000303e-01
7.000433999999999823e-02
1.609953199999999973e-01
1.055595990000000040e-01
3.454414100000000043e-02
1.689310629999999647e-01
1.707467530000000011e-01
7.098119499999998305e-02
1.796517449999999738e-01
1.516212100000000063e-01
2.526147000000000115e-02
1.285466200000000003e-01
1.351153800000000071e-01
4.607030000000000847e-02
1.444951899999999956e-01
1.778456299999999768e-01
6.170954850000000269e-02
1.118784315000000001e-01
1.834356600000000004e-01
7.145105999999999680e-02
1.724540099999999909e-01
1.462122749999999749e-01
3.076590499999999617e-02
1.770031799999999822e-01
1.989684999999999926e-01
3.635988999999999194e-02
1.588797999999999877e-01
1.755535609999999969e-01
6.420725600000000421e-02
1.207723849999999960e-01
1.949120000000000019e-01
5.863021999999999678e-02
1.398232000000000086e-01
2.015213550000000131e-01
4.670889499999998640e-02
1.369868000000000197e-01
2.150016999999999900e-01
3.568450000000000094e-02
1.791579000000000088e-01
1.890304400000000218e-01
4.537618999999999680e-02
1.312676000000000121e-01
1.803391500000000314e-01
7.196610000000000507e-02
9.379000000000001225e-02
1.670305499999999721e-01
2.529030000000000167e-02
1.479089999999999849e-01
1.612821499999999852e-01
6.224965000000000359e-02
9.670265000000000111e-02
1.707711000000000090e-01
7.123184999999999933e-02
1.424939499999999803e-01
2.078186499999999937e-01
1.229409500000000210e-01
6.777584500000000123e-02
9.302865499999998788e-02
2.467080000000001008e-02
1.901549499999999893e-01
1.923549999999999705e-01
4.116645000000000720e-02
2.031304000000000165e-01
1.830905000000000171e-01
1.988434999999999855e-02
1.712077499999999919e-01
1.911509499999999862e-01
2.967665000000002662e-02
1.845424999999999982e-01
2.199811999999999879e-01
4.929925000000001667e-02
1.494233999999999840e-01
2.069391499999999606e-01
1.878609999999998961e-02
1.737183500000000214e-01
1.737946500000000227e-01
2.739314999999999806e-02
1.771405000000000063e-01
1.951089500000000032e-01
1.152095999999999953e-01
8.522269999999999845e-02
1.651649000000000034e-01
3.253604999999998998e-02
1.703224999999999878e-01
1.875331000000000081e-01
8.702055000000000207e-02
1.210162000000000043e-01
1.764149000000000134e-01
8.353351999999999999e-02
1.661303800000000219e-01
1.862465500000000107e-01
4.539894999999997960e-02
1.733548500000000048e-01
1.677177499999999988e-01
6.792200000000001014e-02
1.354506999999999795e-01
1.729074499999999903e-01
5.612079999999999153e-02
1.865360000000000074e-01
1.734767500000000129e-01
2.530724999999999295e-02
1.897799000000000291e-01
2.038257499999999722e-01
4.047415000000000040e-02
1.881309499999999912e-01
1.129556499999999908e-01
6.083024999999997462e-02
2.120268000000000153e-01
2.159478999999999982e-01
6.444615000000000760e-02
1.727138499999999743e-01
1.813350999999999713e-01
6.791235000000002409e-02
1.589513450000000216e-01
1.866871449999999988e-01
3.173559999999999576e-02
1.515808000000000155e-01
1.897173500000000346e-01
3.595785000000001341e-02
1.307281870000000235e-01
1.753482870000000193e-01
7.319419999999998705e-02
2.113157999999999981e-01
1.467931999999999848e-01
7.693370000000002151e-02
1.827286850000000018e-01
2.173540850000000302e-01
1.166134000000000059e-01
8.849444999999998840e-02
2.075118499999999977e-01
1.211882999999999433e-01
7.928473750000004927e-02
1.443314375000000205e-01
9.585520000000002927e-02
9.436325000000002350e-02
1.751952999999999983e-01
8.938519999999999799e-02
1.680611500000000202e-01
2.133487000000000300e-01
5.855834999999998125e-02
1.770495500000000000e-01
2.194567000000000045e-01
1.003823599999999622e-01
2.933481000000001324e-02
9.768405000000000837e-02
1.731069499999999817e-01
1.709004499999999538e-01
4.843089999999999895e-02
2.053037000000000056e-01
2.385937499999999933e-01
7.676244999999998209e-02
1.551215999999999706e-01
1.808632999999999491e-01
4.855029999999998375e-02
2.222464999999999857e-01
2.173985999999999419e-01
6.828409999999998647e-02
1.895145000000000024e-01
1.968430000000000180e-01
3.870870000000001254e-02
1.855578499999999686e-01
1.928131000000000150e-01
3.088669999999999610e-02
1.815637999999999974e-01
2.023686499999999555e-01
6.499539999999999484e-02
1.636317000000000188e-01
1.863193499999999947e-01
6.521489999999997844e-02
1.525644999999999918e-01
1.950926499999999786e-01
2.795844999999999581e-02
1.933616000000000223e-01
1.763170500000000029e-01
7.120184999999998321e-02
1.956422499999999898e-01
1.972526000000000002e-01
4.621749999999998082e-02
1.849421499999999996e-01
2.044249999999999956e-01
4.299044999999999950e-02
1.803080499999999697e-01
2.059745500000000062e-01
1.029948500000000128e-01
1.585557999999999967e-01
2.100086500000000189e-01
1.045565000000000244e-01
1.120543000000000233e-01
2.135749000000000120e-01
5.652480000000000004e-02
1.795866499999999866e-01
2.283736000000000099e-01
1.272015000000000229e-01
9.461215000000001984e-02
2.411181500000000311e-01
1.276666999999999941e-01
1.433974499999999819e-01
2.171673500000000090e-01
6.651625000000001287e-02
1.501223000000000141e-01
2.166008500000000392e-01
8.079804999999999626e-02
1.441935999999999773e-01
2.189638999999999891e-01
1.051357150000000185e-01
6.283438499999997873e-02
1.762095999999999940e-01
1.481862849999999732e-01
6.540116500000002497e-02
1.154238499999999529e-01
2.105040999999999995e-01
1.576494499999999688e-01
6.720579999999995446e-02
1.101467500000000155e-01
2.203800499999999940e-01
1.396566499999999933e-01
6.841599999999997683e-02
7.854610000000002146e-02
1.431915000000000271e-01
1.669565500000000369e-01
6.172445000000000015e-02
1.139731500000000231e-01
1.470444999999999669e-01
4.090370000000000117e-02
1.387555900000000120e-01
1.135410900000000251e-01
9.361030000000000739e-02
6.287479999999999458e-02
9.950694999999999679e-02
1.560254000000000363e-01
1.508819000000000410e-01
4.591659999999998798e-02
1.653779499999999958e-01
1.771320500000000131e-01
1.338943999999999968e-01
4.812329999999998692e-02
1.940854000000000468e-01
1.324658999999999975e-01
4.859083999999999626e-02
9.086378999999997208e-02
2.123793249999999799e-01
2.320283749999999812e-01
5.782129999999999909e-02
8.876164999999999750e-02
1.833357500000000195e-01
1.156318900000000149e-01
6.813339000000001588e-02
1.566691000000000056e-01
1.999347700000000394e-01
1.831567600000000018e-01
1.708249699999999927e-01
1.712486199999999625e-01
1.439233699999999672e-01
6.195815000000001738e-02
1.137370999999999938e-01
1.694235300000000166e-01
1.241223499999999785e-01
1.626658300000000112e-01
7.897343000000001112e-02
5.684731999999996510e-02
6.202265999999995866e-02
1.576247699999999974e-01
1.898486299999999904e-01
6.753593999999998876e-02
1.501556900000000083e-01
2.122537800000000585e-01
5.323447000000000595e-02
2.382084499999999883e-01
2.039485500000000340e-01
7.998496000000003547e-02
1.843840200000000096e-01
2.216729399999999850e-01
6.303637999999997521e-02
2.007305799999999918e-01
2.160318499999999975e-01
4.917736999999996333e-02
2.087712500000000193e-01
1.949840800000000596e-01
3.698386999999998814e-02
2.069967799999999913e-01
1.860543199999999953e-01
5.589157999999999626e-02
2.352628399999999731e-01
2.103400600000000231e-01
1.112178100000000003e-01
2.279283599999999965e-01
2.207945999999999520e-01
4.954585000000004402e-02
2.194720500000000019e-01
1.207410000000000150e-01
1.304531099999999555e-01
2.614242099999999902e-01
2.268243699999999974e-01
4.431476000000000859e-02
1.990720299999999832e-01
2.246136900000000047e-01
4.174846999999998892e-02
1.984827500000000133e-01
2.150163699999999845e-01
7.240765000000004559e-02
2.106076400000000126e-01
2.463816899999999588e-01
4.967769999999997049e-02
2.354726500000000333e-01
2.278403700000000143e-01
3.955763000000001722e-02
1.378186499999999870e-01
1.682613000000000025e-01
5.268334999999997603e-02
2.307076500000000141e-01
2.014223899999999234e-01
7.818304000000002307e-02
2.410508699999999727e-01
2.761486400000000008e-01
4.015388000000004454e-02
2.371441800000000100e-01
2.821268900000000190e-01
5.617641999999998387e-02
2.207585200000000136e-01
2.058608200000000277e-01
5.500076999999995581e-02
1.667835999999999763e-01
1.661574999999999580e-01
3.479330000000002004e-02
1.642661999999999733e-01
1.830240999999999951e-01
8.786020000000001329e-02
1.337913999999999493e-01
2.356187999999999894e-01
5.279859999999998721e-02
1.828294000000000585e-01
2.190185000000000326e-01
6.179389999999995720e-02
1.417875999999999859e-01
5.848989999999998357e-02
2.294284499999999227e-01
1.922675000000000356e-01
1.310523000000000104e-01
4.223404000000001435e-02
6.442663820000002484e-02
1.231673502999999920e-01
2.127170817999999575e-01
1.417560496999999697e-01
4.941642040000000097e-02
2.318133095999999616e-01
1.943257839000000209e-01
6.560153969999993340e-02
1.295340269000000155e-01
1.169547095000000453e-01
8.910592999999998598e-02
2.078865593999999484e-01
1.443946086000000018e-01
8.037620919999995117e-02
